<20> 1,5,8,9,27,28,29,31,32,33,34,41,42,43,44,45,46,48 => 7
<20> 0,4,5,8,9,11,14,26,27,28,30,31,32,33,34,35,36,41,42,43,44,45,46 => 6,7
<20> 5,9,27,28,29,30,32,33,34,36,40,41,42,43,44,45,46,48 => 39
<20> 0,5,9,10,13,26,27,28,29,32,33,34,36,39,40,41,42,43,44,45,46,48 => 25
<20> 5,6,7,8,9,17,26,27,28,30,32,33,34,35,36,40,41,42,43,44,45,46 => 4
<20> 1,4,5,8,9,10,13,17,26,27,28,30,32,33,34,36,40,41,42,43,44,45,46 => 25
<20> 1,3,4,5,8,9,17,26,27,28,30,32,33,34,36,39,40,41,42,43,44,45,46 => 25
<20> 5,8,9,11,14,17,26,27,28,31,32,33,34,40,41,42,43,44,45,46,48 => 39
<20> 5,8,9,26,27,28,31,32,33,34,35,37,40,41,42,43,44,45,46,48 => 7
<20> 5,6,7,8,9,10,13,17,26,27,28,31,32,33,34,40,41,42,43,44,45,46,48 => 4
<20> 1,5,7,8,9,17,26,27,28,29,31,32,33,34,36,40,41,42,43,44,45,46,47 => 25
