<17> 1,3,4,5,8,9,16,25,26,27,28,30,31,32,33,34,36,43,44,45,46,48 => 7
<17> 5,9,18,27,28,30,32,33,34,40,41,42,45,46,47 => 29
<17> 0,5,8,9,10,13,17,26,27,28,29,32,33,34,35,36,39,40,41,42,44,45,46 => 47
<17> 4,5,10,13,17,26,27,28,29,30,32,33,34,35,36,40,41,42,43,44,45,46 => 47
<17> 1,5,8,9,17,27,28,32,33,34,35,40,41,42,43,44,45,46 => 26
<17> 0,4,5,8,9,18,27,28,32,33,34,40,41,42,43,44,45,46,47 => 7
<17> 0,4,5,8,9,10,13,17,27,28,31,32,33,34,40,41,42,43,44,45,46,48 => 3
<17> 1,2,3,4,5,6,7,8,9,25,26,27,28,32,33,34,40,41,42,43,44,45,46,47 => 29
<17> 2,3,4,5,8,9,17,25,26,27,28,29,30,32,33,34,36,40,41,42,43,44,45,46 => 39
<17> 5,7,8,9,10,13,26,27,28,31,32,33,34,35,37,40,41,42,43,44,45,46,48 => 25
<17> 3,4,5,8,9,18,26,27,28,29,31,32,33,34,40,41,42,43,44,45,46 => 7
<17> 2,3,4,5,8,9,10,13,26,27,28,31,32,33,34,37,40,41,42,43,44,45,46 => 25,39
<17> 5,8,9,16,26,27,28,29,31,32,33,34,35,39,40,41,42,43,44,45,46,48 => 25
<17> 5,8,9,10,13,26,27,28,31,32,33,34,35,37,39,40,41,42,43,44,45,46 => 25
<17> 5,7,8,9,11,14,25,26,27,28,29,31,32,33,34,39,40,41,42,43,44,45,46,48 => 4
<17> 4,5,8,9,10,13,26,27,28,29,31,32,33,34,35,39,40,41,42,43,44,45,46,48 => 25
<17> 0,2,3,4,5,7,8,9,10,13,25,26,27,28,29,31,32,33,34,35,36,40,41,42,43,44,45,46 => 47
<17> 1,5,7,8,9,26,27,28,30,31,32,33,34,35,36,39,40,41,42,43,44,45,46,48 => 10,13
<17> 4,5,8,9,11,14,25,26,27,28,29,31,32,33,34,36,39,40,41,42,43,44,45,46,48 => 3
