<6> 23 => 3,4,5,8,9,25,26,27,28,31,32,33,34,36,39,40,41,42,43,44,45,46
<6> 3,4,5,6,7,8,9,11,14,16,25,26,27,28,30,31,32,33,34,36,43,44,45,46,48 => 2
<6> 0,2,3,4,5,8,9,11,14,25,26,27,28,29,31,32,33,34,35,41,42,43,44,45,46,47 => 16
<6> 0,2,3,4,5,7,8,9,11,14,25,26,27,28,29,31,32,33,34,36,41,42,43,44,45,46,47 => 6
<6> 1,5,9,18,26,27,28,30,31,32,33,34,39,40,41,42,45,46 => 10,13,29
<6> 1,5,9,18,26,27,28,31,32,33,34,39,40,41,42,45,46,47 => 10,13,29
<6> 5,19,25,26,27,28,29,31,32,33,34,36,39,40,41,42,43,44,45,46,48 => 4
<6> 9,21,28,30,32,33,34,36,39,40,41,42,43,44,45,46 => 10,13,29
<6> 9,21,28,32,33,34,36,39,40,41,42,43,44,45,46,47 => 29
<6> 0,9,21,28,32,33,34,36,39,40,41,42,43,44,45,46 => 10,13
<6> 0,9,19,28,29,32,33,34,36,39,40,41,42,43,44,45,46 => 10,13
<6> 9,10,13,21,28,29,32,33,34,36,39,40,41,42,43,44,45,46 => 30
<6> 9,10,13,19,28,29,30,32,33,34,36,39,40,41,42,43,44,45,46,47 => 8
<6> 8,9,10,13,19,28,29,30,32,33,34,36,39,40,41,42,43,44,45,46 => 47
<6> 8,9,10,13,19,28,29,32,33,34,36,39,40,41,42,43,44,45,46,47 => 30
<6> 5,9,19,28,32,33,34,39,40,41,42,43,44,45,46,47 => 8
<6> 7,8,9,19,27,28,29,31,32,33,34,36,39,40,41,42,43,44,45,46 => 5
<6> 5,8,9,18,27,28,31,32,33,34,37,40,41,42,43,44,45,46 => 4,7,25,26
<6> 5,8,9,17,27,28,31,32,33,34,37,40,41,42,43,44,45,46 => 4,6,7,26,35
<6> 5,8,9,10,13,17,27,28,29,31,32,33,34,36,40,41,42,43,44,45,46,48 => 7
<6> 4,5,8,9,11,14,17,26,27,28,30,32,33,34,35,36,40,41,42,43,44,45,46 => 6,7
<6> 1,4,5,7,8,9,11,14,26,27,28,30,32,33,34,36,40,41,42,43,44,45,46 => 29
<6> 4,5,8,9,26,27,28,31,32,33,34,35,37,40,41,42,43,44,45,46,47 => 3
<6> 3,4,5,6,7,8,9,18,26,27,28,31,32,33,34,35,40,41,42,43,44,45,46,47 => 0
<6> 3,4,5,8,9,10,13,25,26,27,28,31,32,33,34,37,40,41,42,43,44,45,46,47 => 39
<6> 3,4,5,7,8,9,25,26,27,28,29,31,32,33,34,37,40,41,42,43,44,45,46,48 => 10,13
<6> 4,5,8,9,19,26,27,28,31,32,33,34,35,39,40,41,42,43,44,45,46 => 3
<6> 4,5,6,7,8,9,25,26,27,28,31,32,33,34,37,39,40,41,42,43,44,45,46,47 => 10,13
<6> 5,7,8,9,17,25,26,27,28,29,31,32,33,34,36,40,41,42,43,44,45,46,48 => 3,4
<6> 0,4,5,8,9,11,14,17,26,27,28,30,31,32,33,34,36,40,41,42,43,44,45,46 => 6,7
<6> 1,2,3,4,5,8,9,10,13,17,25,26,27,28,31,32,33,34,35,36,40,41,42,43,44,45,46 => 29
<6> 0,2,3,4,5,7,8,9,10,13,17,25,26,27,28,31,32,33,34,35,36,40,41,42,43,44,45,46 => 6
<6> 5,8,9,11,14,17,26,27,28,29,31,32,33,34,36,39,40,41,42,43,44,45,46,48 => 0
<6> 3,4,5,8,9,11,14,26,27,28,29,30,31,32,33,34,36,39,40,41,42,43,44,45,46,48 => 6,7
<6> 3,4,5,6,7,8,9,11,14,26,27,28,30,31,32,33,34,35,36,39,40,41,42,43,44,45,46,48 => 0
<6> 1,3,4,5,8,9,11,14,25,26,27,28,29,31,32,33,34,35,36,39,40,41,42,43,44,45,46 => 2
<6> 2,3,4,5,8,9,10,13,25,26,27,28,29,30,31,32,33,34,36,39,40,41,42,43,44,45,46,48 => 16
<6> 1,3,4,5,7,8,9,11,14,16,25,26,27,28,29,31,32,33,34,36,39,40,41,42,43,44,45,46 => 2
