<10> 1,4,5,7,8,9,16,27,28,29,31,32,33,34,41,42,43,44,45,46,48 => 3
<10> 5,9,19,28,32,33,34,35,39,40,41,42,43,44,45,46 => 8
<10> 1,8,9,27,28,31,32,33,34,37,40,41,42,43,44,45,46 => 7,26,39
<10> 5,9,18,27,28,32,33,34,35,39,40,41,42,43,44,45,46,47 => 29,36
<10> 4,5,8,9,27,28,29,31,32,33,34,37,40,41,42,43,44,45,46,47 => 39
<10> 4,5,7,8,9,17,27,28,30,31,32,33,34,36,40,41,42,43,44,45,46,48 => 3
<10> 5,8,9,11,14,17,26,27,28,29,32,33,34,35,36,40,41,42,43,44,45,46 => 7
<10> 5,8,9,18,25,26,27,28,29,31,32,33,34,40,41,42,43,44,45,46,48 => 7
<10> 3,4,5,8,9,18,26,27,28,30,31,32,33,34,40,41,42,43,44,45,46 => 7,39
<10> 3,4,5,7,8,9,18,26,27,28,29,31,32,33,34,40,41,42,43,44,45,46,47 => 39
<10> 0,5,7,8,9,16,25,26,27,28,29,31,32,33,34,35,39,40,41,42,43,44,45,46,48 => 6
<10> 3,4,5,7,8,9,18,26,27,28,31,32,33,34,39,40,41,42,43,44,45,46,47 => 29
<10> 1,2,3,4,5,7,8,9,25,26,27,28,29,31,32,33,34,39,40,41,42,43,44,45,46,48 => 36
<10> 5,8,9,11,14,17,26,27,28,29,31,32,33,34,36,40,41,42,43,44,45,46,47 => 25
<10> 1,5,8,9,17,26,27,28,29,31,32,33,34,35,36,40,41,42,43,44,45,46 => 10,13
<10> 0,4,5,8,9,11,14,17,26,27,28,29,31,32,33,34,36,40,41,42,43,44,45,46 => 7
<10> 2,3,4,5,6,7,8,9,10,13,16,25,26,27,28,29,31,32,33,34,35,36,40,41,42,43,44,45,46,47 => 0
