<7> 0,2,3,4,5,8,9,11,14,25,26,27,28,31,32,33,34,36,41,42,43,44,45,46,47 => 29
<7> 2,3,4,5,7,8,9,11,14,25,26,27,28,29,30,31,32,33,34,36,41,42,43,44,45,46,47 => 16
<7> 1,4,5,8,9,10,13,18,26,27,28,31,32,33,34,39,40,41,42,45,46 => 29
<7> 9,10,13,19,28,32,33,34,39,40,41,42,43,44,45,46,47 => 29,36
<7> 9,19,28,32,33,34,36,39,40,41,42,43,44,45,46,47 => 10,13,29
<7> 1,7,8,9,26,27,28,31,32,33,34,37,39,40,41,42,43,44,45,46,48 => 10,13,25
<7> 4,5,7,8,9,11,14,17,25,26,27,28,30,32,33,34,36,40,41,42,43,44,45,46 => 6
<7> 2,3,4,5,6,7,8,9,17,25,26,27,28,30,32,33,34,36,39,40,41,42,43,44,45,46 => 29
<7> 5,6,7,8,9,18,25,26,27,28,29,31,32,33,34,35,40,41,42,43,44,45,46,48 => 39
<7> 2,3,4,5,8,9,18,26,27,28,31,32,33,34,40,41,42,43,44,45,46 => 7,25
<7> 0,4,5,7,8,9,18,26,27,28,31,32,33,34,35,40,41,42,43,44,45,46,47 => 6
<7> 3,4,5,6,7,8,9,11,14,18,26,27,28,31,32,33,34,35,40,41,42,43,44,45,46 => 0
<7> 0,3,4,5,8,9,25,26,27,28,31,32,33,34,37,40,41,42,43,44,45,46,47 => 2
<7> 4,5,7,8,9,18,25,26,27,28,29,31,32,33,34,35,40,41,42,43,44,45,46,48 => 3
<7> 3,4,5,7,8,9,18,25,26,27,28,29,31,32,33,34,40,41,42,43,44,45,46,48 => 35
<7> 3,4,5,7,8,9,10,13,18,25,26,27,28,31,32,33,34,40,41,42,43,44,45,46,47 => 29,39
<7> 5,7,8,9,19,26,27,28,31,32,33,34,35,39,40,41,42,43,44,45,46 => 6
<7> 1,5,8,9,18,25,26,27,28,31,32,33,34,35,39,40,41,42,43,44,45,46 => 10,13,36
<7> 0,4,5,6,7,8,9,11,14,26,27,28,31,32,33,34,37,39,40,41,42,43,44,45,46 => 48
<7> 3,4,5,6,7,8,9,11,14,18,26,27,28,31,32,33,34,39,40,41,42,43,44,45,46 => 36
<7> 1,4,5,8,9,20,25,26,27,28,31,32,33,34,39,40,41,42,43,44,45,46 => 36
<7> 2,3,4,5,8,9,16,25,26,27,28,29,31,32,33,34,37,39,40,41,42,43,44,45,46 => 0
<7> 0,2,3,4,5,8,9,25,26,27,28,29,31,32,33,34,37,39,40,41,42,43,44,45,46 => 16
<7> 4,5,7,8,9,20,25,26,27,28,31,32,33,34,39,40,41,42,43,44,45,46 => 6
<7> 5,6,7,8,9,17,26,27,28,30,31,32,33,34,36,40,41,42,43,44,45,46,48 => 3,4
<7> 0,5,8,9,11,14,17,25,26,27,28,29,31,32,33,34,36,40,41,42,43,44,45,46,47 => 7
<7> 4,5,7,8,9,11,14,17,26,27,28,30,31,32,33,34,36,40,41,42,43,44,45,46 => 6
<7> 0,2,3,4,5,8,9,10,13,17,25,26,27,28,31,32,33,34,36,40,41,42,43,44,45,46,48 => 7
<7> 1,5,8,9,10,13,18,25,26,27,28,31,32,33,34,36,39,40,41,42,43,44,45,46 => 35
<7> 4,5,7,8,9,18,26,27,28,30,31,32,33,34,35,36,39,40,41,42,43,44,45,46 => 3
<7> 4,5,8,9,20,25,26,27,28,31,32,33,34,36,39,40,41,42,43,44,45,46 => 1
<7> 0,2,3,4,5,8,9,19,25,26,27,28,31,32,33,34,36,39,40,41,42,43,44,45,46,48 => 7
