<19> 0,4,5,7,8,9,11,14,16,25,26,27,28,31,32,33,34,36,41,42,43,44,45,46,47 => 6
<19> 11,14,19,26,27,28,32,33,34,39,40,41,42,43,44,45,46 => 25,31,36,48
<19> 8,9,27,28,29,31,32,33,34,37,40,41,42,43,44,45,46 => 4,5
<19> 0,7,8,9,19,25,26,27,28,31,32,33,34,36,39,40,41,42,43,44,45,46 => 48
<19> 1,5,7,8,9,10,13,17,26,27,28,29,32,33,34,36,40,41,42,43,44,45,46,47 => 25
<19> 2,3,4,5,8,9,17,26,27,28,30,32,33,34,36,40,41,42,43,44,45,46 => 25
<19> 0,5,6,7,8,9,16,25,26,27,28,29,31,32,33,34,40,41,42,43,44,45,46,48 => 39
<19> 1,4,5,8,9,19,26,27,28,31,32,33,34,39,40,41,42,43,44,45,46 => 3
<19> 1,5,8,9,17,26,27,28,29,30,31,32,33,34,36,40,41,42,43,44,45,46,47 => 25
<19> 2,3,4,5,8,9,17,26,27,28,31,32,33,34,35,36,40,41,42,43,44,45,46 => 25
