<27> 1,5,6,7,8,9,11,14,26,27,28,32,33,34,36,43,44,45,46 => 25
<27> 0,4,5,7,8,9,11,14,16,26,27,28,31,32,33,34,35,36,41,42,43,44,45,46 => 6
<27> 0,19,28,32,33,34,39,40,41,42,43,44,45,46 => 36
<27> 1,9,19,27,28,32,33,34,39,40,41,42,43,44,45,46 => 8,26
<27> 5,8,9,11,14,17,25,26,27,28,32,33,34,40,41,42,43,44,45,46 => 36
<27> 0,5,8,9,10,13,17,26,27,28,29,30,32,33,34,36,40,41,42,43,44,45,46 => 47
<27> 5,6,7,8,9,10,13,17,26,27,28,29,30,32,33,34,36,40,41,42,43,44,45,46 => 47
<27> 1,3,4,5,7,8,9,17,26,27,28,32,33,34,36,40,41,42,43,44,45,46 => 25
<27> 5,6,7,8,9,17,25,26,27,28,31,32,33,34,40,41,42,43,44,45,46,48 => 4
<27> 4,5,8,9,16,26,27,28,31,32,33,34,37,40,41,42,43,44,45,46,48 => 39
<27> 2,3,4,5,8,9,25,26,27,28,29,31,32,33,34,40,41,42,43,44,45,46,48 => 39
<27> 1,2,3,4,5,8,9,16,26,27,28,29,31,32,33,34,39,40,41,42,43,44,45,46 => 36
<27> 3,4,5,8,9,10,13,26,27,28,31,32,33,34,37,39,40,41,42,43,44,45,46 => 25
<27> 3,4,5,8,9,10,13,26,27,28,29,31,32,33,34,39,40,41,42,43,44,45,46,48 => 25
