<9> 2,3,4,5,8,9,11,14,25,26,27,28,31,32,33,34,35,36,41,42,43,44,45,46,47 => 29
<9> 2,3,4,5,6,7,8,9,11,14,25,26,27,28,31,32,33,34,36,41,42,43,44,45,46,47 => 29
<9> 1,5,9,18,26,27,28,29,31,32,33,34,39,40,41,42,45,46 => 10,13
<9> 19,26,27,28,31,32,33,34,35,36,39,40,41,42,43,44,45,46 => 25
<9> 5,17,25,26,27,28,30,31,32,33,34,36,40,41,42,43,44,45,46,48 => 4
<9> 1,7,8,9,10,13,26,27,28,31,32,33,34,37,39,40,41,42,43,44,45,46 => 25
<9> 1,7,8,9,25,26,27,28,31,32,33,34,37,39,40,41,42,43,44,45,46 => 10,13
<9> 0,5,9,10,13,18,27,28,29,30,32,33,34,36,40,41,42,43,44,45,46 => 47
<9> 4,5,8,9,16,27,28,31,32,33,34,37,39,40,41,42,43,44,45,46,47 => 29
<9> 5,8,9,17,27,28,29,31,32,33,34,35,36,40,41,42,43,44,45,46,48 => 7
<9> 4,5,8,9,17,27,28,29,31,32,33,34,36,40,41,42,43,44,45,46,48 => 7
<9> 5,8,9,11,14,18,26,27,28,32,33,34,40,41,42,43,44,45,46 => 3,4,6,7,31
<9> 1,5,8,9,11,14,17,26,27,28,32,33,34,36,40,41,42,43,44,45,46 => 4
<9> 1,5,8,9,17,26,27,28,29,32,33,34,35,36,40,41,42,43,44,45,46,47 => 4
<9> 5,6,7,8,9,11,14,17,26,27,28,29,32,33,34,36,40,41,42,43,44,45,46,47 => 25
<9> 4,5,8,9,16,26,27,28,31,32,33,34,37,40,41,42,43,44,45,46,47 => 25
<9> 4,5,8,9,26,27,28,29,31,32,33,34,37,40,41,42,43,44,45,46,48 => 7
<9> 0,4,5,7,8,9,11,14,16,26,27,28,31,32,33,34,37,40,41,42,43,44,45,46 => 25,39
<9> 0,3,4,5,7,8,9,18,26,27,28,31,32,33,34,40,41,42,43,44,45,46,47 => 6
<9> 1,5,8,9,18,26,27,28,31,32,33,34,39,40,41,42,43,44,45,46 => 25
<9> 1,5,7,8,9,26,27,28,31,32,33,34,37,39,40,41,42,43,44,45,46 => 6
<9> 4,5,8,9,26,27,28,29,31,32,33,34,37,39,40,41,42,43,44,45,46,47 => 25
<9> 0,4,5,7,8,9,18,26,27,28,29,31,32,33,34,35,39,40,41,42,43,44,45,46 => 3,6
<9> 2,3,4,5,8,9,11,14,25,26,27,28,31,32,33,34,35,39,40,41,42,43,44,45,46,47 => 29
<9> 0,4,5,7,8,9,11,14,25,26,27,28,31,32,33,34,37,39,40,41,42,43,44,45,46 => 16
<9> 5,7,8,9,11,14,17,26,27,28,29,31,32,33,34,35,36,40,41,42,43,44,45,46 => 0
<9> 0,4,5,7,8,9,18,26,27,28,29,31,32,33,34,35,36,40,41,42,43,44,45,46 => 6
<9> 3,4,5,7,8,9,18,26,27,28,31,32,33,34,36,40,41,42,43,44,45,46,47 => 29,39
<9> 2,3,4,5,8,9,17,25,26,27,28,31,32,33,34,35,36,40,41,42,43,44,45,46,47 => 10,13
<9> 0,5,7,8,9,26,27,28,29,30,31,32,33,34,36,39,40,41,42,43,44,45,46,48 => 6
<9> 1,2,3,4,5,7,8,9,10,13,25,26,27,28,30,31,32,33,34,35,36,39,40,41,42,43,44,45,46,48 => 16
