<16> 5,9,18,27,28,30,31,32,33,34,40,41,42,45,46 => 26
<16> 5,10,13,17,25,26,27,28,29,30,31,32,33,34,35,36,40,41,42,43,44,45,46 => 47
<16> 0,5,9,18,27,28,29,32,33,34,40,41,42,43,44,45,46,47 => 36
<16> 0,5,9,18,27,28,32,33,34,39,40,41,42,43,44,45,46,47 => 36
<16> 4,5,8,9,16,27,28,29,31,32,33,34,37,40,41,42,43,44,45,46 => 39
<16> 4,5,8,9,27,28,29,30,31,32,33,34,36,39,40,41,42,43,44,45,46,48 => 3
<16> 1,5,8,9,17,26,27,28,31,32,33,34,40,41,42,43,44,45,46,48 => 39
<16> 5,6,7,8,9,10,13,26,27,28,29,31,32,33,34,35,39,40,41,42,43,44,45,46,48 => 25
<16> 5,7,8,9,10,13,25,26,27,28,31,32,33,34,35,37,39,40,41,42,43,44,45,46 => 6
<16> 5,7,8,9,10,13,25,26,27,28,29,31,32,33,34,35,39,40,41,42,43,44,45,46,48 => 6
<16> 0,4,5,7,8,9,11,14,16,26,27,28,31,32,33,34,35,39,40,41,42,43,44,45,46,48 => 6
<16> 1,3,4,5,7,8,9,16,25,26,27,28,30,31,32,33,34,36,39,40,41,42,43,44,45,46,48 => 10,13
