<13> 19,28,29,32,33,34,39,40,41,42,43,44,45,46 => 36
<13> 0,5,10,13,17,26,27,28,29,30,32,33,34,35,36,40,41,42,43,44,45,46 => 47
<13> 5,11,14,26,27,28,29,31,32,33,34,35,39,40,41,42,43,44,45,46,48 => 36
<13> 0,4,5,8,9,18,27,28,30,32,33,34,36,40,41,42,43,44,45,46 => 7
<13> 1,4,5,7,8,9,17,26,27,28,32,33,34,35,40,41,42,43,44,45,46 => 25
<13> 4,5,8,9,16,26,27,28,31,32,33,34,35,37,40,41,42,43,44,45,46 => 25,39
<13> 3,4,5,8,9,26,27,28,29,31,32,33,34,37,40,41,42,43,44,45,46 => 25
<13> 1,5,8,9,10,13,19,26,27,28,31,32,33,34,39,40,41,42,43,44,45,46 => 7
<13> 5,7,8,9,19,26,27,28,30,31,32,33,34,36,39,40,41,42,43,44,45,46 => 6
<13> 5,7,8,9,11,14,17,25,26,27,28,31,32,33,34,36,39,40,41,42,43,44,45,46,48 => 3,4
<13> 4,5,8,9,11,14,19,25,26,27,28,31,32,33,34,36,39,40,41,42,43,44,45,46,48 => 3
