<1> 4,5,9,22,25,26,27,28,31,32,33,34,40,41,42,47 => 0,2,3,12,15,35,38
<1> 4,5,9,22,25,26,27,28,31,32,33,34,35,40,41,42 => 0,2,3,12,15,38,47
<1> 0,4,5,9,22,25,26,27,28,31,32,33,34,40,41,42 => 2,3,12,15,35,38,47
<1> 3,4,5,9,22,25,26,27,28,31,32,33,34,40,41,42 => 0,2,12,15,35,38,47
<1> 2,3,4,5,9,12,15,25,26,27,28,31,32,33,34,35,40,41,42,47 => 0,22,38
<1> 0,2,3,4,5,9,25,26,27,28,31,32,33,34,38,40,41,42 => 12,15,22,35,47
<1> 0,3,4,5,9,25,26,27,28,31,32,33,34,38,40,41,42,47 => 2,12,15,22,35
<1> 0,3,4,5,9,25,26,27,28,31,32,33,34,35,38,40,41,42 => 2,12,15,22,47
<1> 4,5,9,22,25,26,27,28,31,32,33,34,40,41,42,45,46 => 1,6,7,8,10,13,36,39,43,44,48
<1> 0,3,4,5,9,25,26,27,28,31,32,33,34,38,40,41,42,45,46 => 6,7,8,10,13,16,39,43,44,48
<1> 0,4,5,11,14,19,25,26,27,28,29,31,32,33,34,36,39,40,41,42,43,44,45,46,48 => 35
<1> 0,4,5,19,25,26,27,28,29,31,32,33,34,35,36,39,40,41,42,43,44,45,46,48 => 11,14
<1> 0,7,8,9,10,13,21,27,28,29,30,31,32,33,34,35,36,39,40,41,42,43,44,45,46,47 => 6
<1> 0,6,7,8,9,10,13,21,27,28,31,32,33,34,36,39,40,41,42,43,44,45,46 => 29,30,35,47
<1> 4,5,9,10,13,19,25,26,27,28,29,30,31,32,33,34,36,39,40,41,42,43,44,45,46,48 => 0
<1> 0,5,7,8,9,10,13,19,27,28,29,30,31,32,33,34,36,39,40,41,42,43,44,45,46,47 => 35
<1> 0,3,4,5,7,8,9,10,13,17,27,28,29,31,32,33,34,35,36,39,40,41,42,43,44,45,46,48 => 30
<1> 1,4,5,6,7,8,9,11,14,17,25,26,27,28,29,32,33,34,35,36,40,41,42,43,44,45,46,47 => 30
<1> 2,3,4,5,8,9,12,15,26,27,28,31,32,33,34,35,40,41,42,43,44,45,46,47 => 1,6,7,19,37,39
<1> 0,4,5,6,7,8,9,11,14,17,26,27,28,31,32,33,34,35,37,40,41,42,43,44,45,46 => 39,48
<1> 0,2,3,4,5,6,7,8,9,11,14,25,26,27,28,31,32,33,34,37,40,41,42,43,44,45,46,47 => 18,35
<1> 0,3,4,5,6,7,8,9,11,14,18,25,26,27,28,31,32,33,34,35,37,40,41,42,43,44,45,46 => 2,47
<1> 0,2,3,4,5,6,7,8,9,18,25,26,27,28,31,32,33,34,35,37,40,41,42,43,44,45,46,47 => 11,14
<1> 0,2,3,4,5,6,7,8,9,11,14,18,25,26,27,28,31,32,33,34,35,40,41,42,43,44,45,46,47 => 37
<1> 4,5,6,7,8,9,10,13,25,26,27,28,30,31,32,33,34,37,40,41,42,43,44,45,46,48 => 0,2,3,16,39
<1> 4,5,8,9,19,26,27,28,31,32,33,34,39,40,41,42,43,44,45,46,47 => 1,2,3,6,7,12,15,35,37
<1> 1,3,4,5,6,7,8,9,19,26,27,28,31,32,33,34,35,37,39,40,41,42,43,44,45,46 => 2,12,15,47
<1> 1,2,3,4,5,6,7,8,9,19,26,27,28,31,32,33,34,35,39,40,41,42,43,44,45,46 => 12,15,37,47
<1> 1,2,3,4,5,6,7,8,9,26,27,28,31,32,33,34,35,37,39,40,41,42,43,44,45,46,47 => 12,15,19
<1> 4,5,8,9,20,25,26,27,28,31,32,33,34,37,39,40,41,42,43,44,45,46 => 0,2,3,6,7,10,13,35,47
<1> 0,4,5,8,9,20,25,26,27,28,31,32,33,34,39,40,41,42,43,44,45,46 => 2,3,6,7,10,13,35,37,47
<1> 0,2,3,4,5,7,8,9,16,25,26,27,28,29,31,32,33,34,35,37,39,40,41,42,43,44,45,46,47 => 11,14
<1> 1,2,3,4,5,6,7,8,9,10,13,25,26,27,28,30,31,32,33,34,37,39,40,41,42,43,44,45,46 => 18,29,47
<1> 2,3,4,5,6,7,8,9,10,13,20,25,26,27,28,31,32,33,34,35,39,40,41,42,43,44,45,46,47 => 0,37
<1> 1,3,4,5,6,7,8,9,10,13,18,25,26,27,28,29,31,32,33,34,37,39,40,41,42,43,44,45,46 => 2,30,47
<1> 1,2,3,4,5,6,7,8,9,10,13,25,26,27,28,29,31,32,33,34,37,39,40,41,42,43,44,45,46 => 18,30,47
<1> 2,3,4,5,6,7,8,9,10,13,25,26,27,28,29,30,31,32,33,34,37,39,40,41,42,43,44,45,46 => 1,18,47
<1> 2,3,4,5,6,7,8,9,10,13,18,25,26,27,28,29,31,32,33,34,37,39,40,41,42,43,44,45,46,47 => 1,30
<1> 1,3,4,5,6,7,8,9,10,13,18,25,26,27,28,29,30,31,32,33,34,39,40,41,42,43,44,45,46,47 => 2,37
<1> 2,3,4,5,6,7,8,9,10,13,18,25,26,27,28,29,30,31,32,33,34,39,40,41,42,43,44,45,46,47 => 1,37
<1> 0,2,3,4,5,6,7,8,9,10,13,16,25,26,27,28,30,31,32,33,34,37,39,40,41,42,43,44,45,46 => 48
<1> 0,2,3,4,5,6,7,8,9,10,13,25,26,27,28,31,32,33,34,35,37,39,40,41,42,43,44,45,46,47 => 20
<1> 0,2,3,4,5,6,7,8,9,10,13,16,25,26,27,28,29,31,32,33,34,35,39,40,41,42,43,44,45,46,48 => 37
<1> 5,8,9,11,14,21,25,26,27,28,31,32,33,34,36,39,40,41,42,43,44,45,46 => 1,3,4,29,47
<1> 1,4,5,8,9,21,25,26,27,28,29,31,32,33,34,36,39,40,41,42,43,44,45,46,47 => 3,11,14
<1> 1,2,3,4,5,8,9,11,14,20,25,26,27,28,30,31,32,33,34,36,39,40,41,42,43,44,45,46 => 29,35,47
<1> 1,2,3,4,5,8,9,11,14,20,25,26,27,28,31,32,33,34,35,36,39,40,41,42,43,44,45,46 => 29,30,47
<1> 1,2,3,4,5,8,9,20,25,26,27,28,30,31,32,33,34,35,36,39,40,41,42,43,44,45,46 => 11,14,29,47
<1> 1,2,3,4,5,8,9,19,25,26,27,28,31,32,33,34,35,36,39,40,41,42,43,44,45,46,48 => 11,14,30
<1> 1,3,4,5,8,9,20,25,26,27,28,29,31,32,33,34,36,39,40,41,42,43,44,45,46 => 2,11,14,30,35,47
<1> 2,3,4,5,8,9,11,14,17,25,26,27,28,29,30,31,32,33,34,36,39,40,41,42,43,44,45,46,47 => 1
<1> 0,3,4,5,8,9,11,14,24,25,26,27,28,31,32,33,34,36,39,40,41,42,43,44,45,46 => 2,6,7,35,48
<1> 0,3,4,5,8,9,24,25,26,27,28,29,31,32,33,34,36,39,40,41,42,43,44,45,46 => 10,13,30,35,47
<1> 0,2,3,4,5,8,9,10,13,23,25,26,27,28,31,32,33,34,35,36,39,40,41,42,43,44,45,46 => 48
<1> 2,3,4,5,6,7,8,9,11,14,18,25,26,27,28,31,32,33,34,36,39,40,41,42,43,44,45,46 => 1,48
<1> 1,2,3,4,5,6,7,8,9,11,14,17,25,26,27,28,31,32,33,34,36,39,40,41,42,43,44,45,46 => 29,47
<1> 1,3,4,5,6,7,8,9,11,14,18,25,26,27,28,31,32,33,34,36,39,40,41,42,43,44,45,46,48 => 2
<1> 1,3,4,5,6,7,8,9,11,14,17,25,26,27,28,31,32,33,34,36,39,40,41,42,43,44,45,46,48 => 35
<1> 2,3,4,5,6,7,8,9,18,25,26,27,28,31,32,33,34,36,39,40,41,42,43,44,45,46,48 => 1,11,14
<1> 1,2,3,4,5,6,7,8,9,23,25,26,27,28,31,32,33,34,36,39,40,41,42,43,44,45,46,48 => 11,14
<1> 1,2,3,4,5,6,7,8,9,20,25,26,27,28,30,31,32,33,34,36,39,40,41,42,43,44,45,46,48 => 10,13
<1> 2,3,4,5,6,7,8,9,11,14,17,25,26,27,28,29,30,31,32,33,34,36,39,40,41,42,43,44,45,46 => 0,35,48
<1> 1,2,3,4,5,6,7,8,9,11,14,19,25,26,27,28,29,31,32,33,34,36,39,40,41,42,43,44,45,46,48 => 30
<1> 1,3,4,5,6,7,8,9,19,25,26,27,28,29,30,31,32,33,34,36,39,40,41,42,43,44,45,46,48 => 2,11,14
<1> 1,4,5,6,7,8,9,10,13,20,25,26,27,28,29,31,32,33,34,36,39,40,41,42,43,44,45,46,48 => 35
<1> 3,4,5,7,8,9,10,13,23,25,26,27,28,31,32,33,34,35,36,39,40,41,42,43,44,45,46 => 1,6,29,30,47
<1> 1,3,4,5,6,7,8,9,10,13,23,25,26,27,28,30,31,32,33,34,36,39,40,41,42,43,44,45,46 => 29,35,47
<1> 3,4,5,6,7,8,9,10,13,23,25,26,27,28,29,30,31,32,33,34,36,39,40,41,42,43,44,45,46,47 => 1,35
<1> 1,3,4,5,6,7,8,9,10,13,19,25,26,27,28,29,31,32,33,34,36,39,40,41,42,43,44,45,46,48 => 2
<1> 0,2,3,4,5,7,8,9,10,13,18,25,26,27,28,30,31,32,33,34,36,39,40,41,42,43,44,45,46 => 35,48
<1> 0,3,4,5,7,8,9,10,13,18,25,26,27,28,30,31,32,33,34,35,36,39,40,41,42,43,44,45,46 => 2,48
<1> 0,2,3,4,5,7,8,9,10,13,18,25,26,27,28,31,32,33,34,36,39,40,41,42,43,44,45,46,48 => 30,35
