<4> 24 => 0,3,4,5,8,9,25,26,27,28,31,32,33,34,36,39,40,41,42,43,44,45,46
<4> 4,5,17,27,28,29,30,31,32,33,34,36,40,41,42,43,44,45,46,48 => 0
<4> 9,19,28,29,32,33,34,35,36,39,40,41,42,43,44,45,46 => 10,13,47
<4> 0,9,10,13,19,28,29,30,32,33,34,36,39,40,41,42,43,44,45,46 => 5
<4> 0,9,10,13,21,28,29,30,32,33,34,36,39,40,41,42,43,44,45,46,47 => 31
<4> 0,8,9,19,28,32,33,34,35,36,39,40,41,42,43,44,45,46 => 5
<4> 0,8,9,10,13,19,28,29,32,33,34,36,39,40,41,42,43,44,45,46 => 5
<4> 9,21,26,27,28,32,33,34,36,39,40,41,42,43,44,45,46 => 8,25
<4> 5,8,9,10,13,19,27,28,31,32,33,34,35,39,40,41,42,43,44,45,46 => 7
<4> 5,7,8,9,17,27,28,29,30,31,32,33,34,36,39,40,41,42,43,44,45,46,48 => 35
<4> 1,4,5,8,9,11,14,17,26,27,28,30,32,33,34,36,40,41,42,43,44,45,46 => 29,47
<4> 1,4,5,8,9,11,14,25,26,27,28,29,30,32,33,34,35,36,40,41,42,43,44,45,46 => 47
<4> 3,4,5,6,7,8,9,11,14,18,26,27,28,31,32,33,34,40,41,42,43,44,45,46,47 => 0,35
<4> 3,4,5,6,7,8,9,17,26,27,28,31,32,33,34,35,37,40,41,42,43,44,45,46 => 0,10,13
<4> 0,4,5,6,7,8,9,10,13,17,26,27,28,31,32,33,34,35,37,40,41,42,43,44,45,46 => 3
<4> 3,4,5,8,9,25,26,27,28,31,32,33,34,35,37,40,41,42,43,44,45,46,47 => 0,2
<4> 4,5,7,8,9,18,25,26,27,28,31,32,33,34,35,37,40,41,42,43,44,45,46 => 0,3
<4> 4,5,7,8,9,18,25,26,27,28,31,32,33,34,37,40,41,42,43,44,45,46,48 => 0,10,13
<4> 4,5,6,7,8,9,17,25,26,27,28,31,32,33,34,35,37,40,41,42,43,44,45,46 => 10,13,39,48
<4> 0,4,5,7,8,9,11,14,25,26,27,28,31,32,33,34,35,37,40,41,42,43,44,45,46 => 3
<4> 2,3,4,5,7,8,9,18,25,26,27,28,31,32,33,34,35,40,41,42,43,44,45,46 => 0
<4> 2,3,4,5,7,8,9,18,25,26,27,28,29,31,32,33,34,40,41,42,43,44,45,46 => 6,10,13,39,47
<4> 0,3,4,5,7,8,9,18,25,26,27,28,31,32,33,34,37,40,41,42,43,44,45,46 => 35
<4> 0,2,3,4,5,6,7,8,9,18,25,26,27,28,31,32,33,34,40,41,42,43,44,45,46 => 47
<4> 0,4,5,7,8,9,10,13,18,25,26,27,28,31,32,33,34,37,40,41,42,43,44,45,46 => 48
<4> 1,5,6,7,8,9,10,13,25,26,27,28,31,32,33,34,35,37,39,40,41,42,43,44,45,46 => 48
<4> 3,4,5,8,9,26,27,28,31,32,33,34,35,37,39,40,41,42,43,44,45,46,47 => 2
<4> 0,2,3,4,5,8,9,10,13,25,26,27,28,29,31,32,33,34,35,39,40,41,42,43,44,45,46,48 => 16
<4> 0,2,3,4,5,7,8,9,18,25,26,27,28,31,32,33,34,39,40,41,42,43,44,45,46 => 10,13,36
<4> 2,3,4,5,6,7,8,9,10,13,18,25,26,27,28,31,32,33,34,39,40,41,42,43,44,45,46 => 29,47
<4> 1,3,4,5,6,7,8,9,10,13,25,26,27,28,31,32,33,34,37,39,40,41,42,43,44,45,46,48 => 16
<4> 0,2,3,4,5,8,9,10,13,17,25,26,27,28,31,32,33,34,35,36,40,41,42,43,44,45,46,47 => 39
<4> 1,2,3,4,5,6,7,8,9,17,25,26,27,28,31,32,33,34,35,36,40,41,42,43,44,45,46 => 10,13,29
<4> 3,4,5,7,8,9,10,13,17,25,26,27,28,29,31,32,33,34,36,40,41,42,43,44,45,46,48 => 6
<4> 1,5,7,8,9,17,26,27,28,30,31,32,33,34,36,39,40,41,42,43,44,45,46,48 => 10,13
<4> 1,5,8,9,19,25,26,27,28,29,31,32,33,34,36,39,40,41,42,43,44,45,46 => 6,7
<4> 0,3,4,5,6,7,8,9,18,26,27,28,29,30,31,32,33,34,35,36,39,40,41,42,43,44,45,46 => 11,14
<4> 4,5,8,9,19,25,26,27,28,29,31,32,33,34,36,39,40,41,42,43,44,45,46,48 => 6,7
<4> 1,3,4,5,8,9,11,14,25,26,27,28,30,31,32,33,34,35,36,39,40,41,42,43,44,45,46 => 2
<4> 3,4,5,8,9,23,25,26,27,28,31,32,33,34,36,39,40,41,42,43,44,45,46,48 => 2
<4> 0,3,4,5,8,9,23,25,26,27,28,31,32,33,34,36,39,40,41,42,43,44,45,46 => 2
<4> 0,2,3,4,5,8,9,17,25,26,27,28,29,30,31,32,33,34,36,39,40,41,42,43,44,45,46,47 => 10,13
<4> 1,3,4,5,7,8,9,11,14,16,25,26,27,28,31,32,33,34,36,39,40,41,42,43,44,45,46,47 => 2
<4> 1,3,4,5,6,7,8,9,20,25,26,27,28,31,32,33,34,36,39,40,41,42,43,44,45,46 => 48
<4> 0,2,3,4,5,7,8,9,25,26,27,28,29,31,32,33,34,35,36,39,40,41,42,43,44,45,46,48 => 11,14
<4> 2,3,4,5,7,8,9,10,13,18,25,26,27,28,31,32,33,34,36,39,40,41,42,43,44,45,46 => 0
<4> 1,3,4,5,7,8,9,10,13,16,25,26,27,28,29,31,32,33,34,36,39,40,41,42,43,44,45,46,48 => 30
<4> 2,3,4,5,6,7,8,9,10,13,16,25,26,27,28,29,31,32,33,34,36,39,40,41,42,43,44,45,46,48 => 30
