<12> 3,4,5,7,8,9,11,14,26,27,28,30,31,32,33,34,36,43,44,45,46,48 => 6
<12> 0,2,3,4,5,8,9,11,14,25,26,27,28,30,31,32,33,34,36,41,42,43,44,45,46 => 6,7
<12> 19,27,28,32,33,34,35,39,40,41,42,43,44,45,46 => 31
<12> 5,8,9,11,14,17,26,27,28,32,33,34,40,41,42,43,44,45,46,47 => 29,36
<12> 5,8,9,11,14,17,25,26,27,28,32,33,34,35,36,40,41,42,43,44,45,46 => 4
<12> 1,2,3,4,5,8,9,17,25,26,27,28,30,32,33,34,36,39,40,41,42,43,44,45,46 => 29,47
<12> 2,3,4,5,7,8,9,17,25,26,27,28,29,30,32,33,34,36,39,40,41,42,43,44,45,46,47 => 10,13
<12> 4,5,6,7,8,9,26,27,28,29,31,32,33,34,37,40,41,42,43,44,45,46 => 10,13,39
<12> 0,3,4,5,7,8,9,10,13,17,26,27,28,31,32,33,34,35,40,41,42,43,44,45,46,48 => 6
<12> 0,5,8,9,10,13,26,27,28,29,31,32,33,34,35,39,40,41,42,43,44,45,46,48 => 25
<12> 0,3,4,5,7,8,9,18,26,27,28,29,31,32,33,34,39,40,41,42,43,44,45,46 => 6
<12> 1,2,3,4,5,6,7,8,9,10,13,16,25,26,27,28,31,32,33,34,35,39,40,41,42,43,44,45,46 => 48
<12> 1,3,4,5,8,9,17,26,27,28,31,32,33,34,35,36,40,41,42,43,44,45,46 => 25
<12> 5,8,9,11,14,26,27,28,29,31,32,33,34,35,36,39,40,41,42,43,44,45,46,48 => 7
<12> 2,3,4,5,8,9,11,14,25,26,27,28,29,31,32,33,34,36,39,40,41,42,43,44,45,46,48 => 7
