<58> 0,7,8,9,10,17,18,19,26,38,39,40,41,42,43,45,59,60,61,62,63,64,65,66,67,68,69,70,71,72,73,74,75,76 => 6
<58> 1,6,7,8,9,10,16,17,18,19,39,40,41,42,43,45,46,47,48,49,50,51,52,53,54,68,69,70,71,72,73,74,75,76 => 37,38
<58> 6,7,8,9,10,16,17,18,19,21,24,26,37,38,39,40,41,42,43,47,48,49,50,51,52,53,54,68,69,70,71,72,73,74,75,76,78 => 46
<58> 8,9,10,11,12,13,14,15,16,17,18,19,27,38,39,40,41,42,43,49,50,51,52,53,54,61,62,63,64,65,66,67,69,70,71,72,73,74,75,76 => 68
<58> 8,9,10,19,27,37,38,39,40,41,42,43,48,49,50,51,52,53,54,55,62,63,64,65,66,67,71,72,73,74,75,76 => 47
<58> 0,7,8,9,10,16,17,18,19,39,40,41,42,43,44,47,48,49,50,51,52,53,54,55,59,60,61,62,63,64,65,66,67,71,72,73,74,75,76 => 6
<58> 8,9,10,11,12,13,14,15,16,17,18,19,27,38,39,40,41,42,43,48,49,50,51,52,53,54,61,62,63,64,65,66,67,71,72,73,74,75,76 => 47
<58> 0,7,8,9,10,11,12,13,14,15,16,17,18,19,39,40,41,42,43,47,48,49,50,51,52,53,54,55,62,63,64,65,66,67,68,69,70,71,72,73,74,75,76,78 => 6
<58> 4,5,6,7,8,9,10,15,16,17,18,19,21,24,26,36,37,38,39,40,41,42,43,47,48,49,50,51,52,53,54,61,62,63,64,65,66,67,68,69,70,71,72,73,74,75,76 => 60
<58> 1,3,4,5,6,7,8,9,10,14,15,16,17,18,19,20,23,36,37,38,39,40,41,42,43,46,47,48,49,50,51,52,53,54,61,62,63,64,65,66,67,68,69,70,71,72,73,74,75,76 => 35
