<5> 0,2,3,4,5,6,7,8,9,11,14,16,25,26,27,28,29,31,32,33,34,36,41,42,43,44,45,46,47 => 30
<5> 5,10,13,17,25,26,27,28,29,31,32,33,34,36,40,41,42,43,44,45,46,48 => 4
<5> 4,5,10,13,17,26,27,28,29,31,32,33,34,36,40,41,42,43,44,45,46,48 => 25
<5> 9,19,28,30,32,33,34,35,36,39,40,41,42,43,44,45,46 => 8
<5> 9,21,28,29,31,32,33,34,36,39,40,41,42,43,44,45,46 => 47
<5> 9,10,13,21,28,31,32,33,34,36,39,40,41,42,43,44,45,46 => 0
<5> 9,19,25,26,27,28,32,33,34,39,40,41,42,43,44,45,46,47 => 10,13,29,36
<5> 9,10,13,19,26,27,28,31,32,33,34,35,39,40,41,42,43,44,45,46 => 25
<5> 1,4,5,8,9,11,14,17,26,27,28,29,32,33,34,36,40,41,42,43,44,45,46 => 47
<5> 4,5,7,8,9,11,14,17,26,27,28,29,32,33,34,35,36,40,41,42,43,44,45,46,47 => 25
<5> 1,4,5,6,7,8,9,11,14,25,26,27,28,32,33,34,36,40,41,42,43,44,45,46,47 => 29
<5> 4,5,8,9,26,27,28,29,31,32,33,34,35,37,40,41,42,43,44,45,46 => 0,3,25
<5> 4,5,6,7,8,9,17,26,27,28,31,32,33,34,35,37,40,41,42,43,44,45,46,48 => 39
<5> 4,5,6,7,8,9,16,25,26,27,28,31,32,33,34,37,40,41,42,43,44,45,46,47 => 10,13
<5> 2,3,4,5,7,8,9,18,25,26,27,28,31,32,33,34,40,41,42,43,44,45,46,47 => 6
<5> 3,4,5,6,7,8,9,11,14,18,25,26,27,28,31,32,33,34,40,41,42,43,44,45,46,48 => 36
<5> 2,3,4,5,7,8,9,10,13,18,25,26,27,28,31,32,33,34,40,41,42,43,44,45,46 => 39
<5> 1,5,8,9,18,25,26,27,28,31,32,33,34,39,40,41,42,43,44,45,46,48 => 7,36
<5> 1,5,6,7,8,9,10,13,18,25,26,27,28,31,32,33,34,39,40,41,42,43,44,45,46 => 29
<5> 4,5,6,7,8,9,17,26,27,28,31,32,33,34,35,37,39,40,41,42,43,44,45,46 => 48
<5> 4,5,8,9,20,25,26,27,28,31,32,33,34,39,40,41,42,43,44,45,46,48 => 1,6,7,36
<5> 1,3,4,5,8,9,18,25,26,27,28,31,32,33,34,39,40,41,42,43,44,45,46 => 7
<5> 4,5,8,9,10,13,20,25,26,27,28,31,32,33,34,39,40,41,42,43,44,45,46 => 6,7
<5> 1,4,5,6,7,8,9,10,13,16,25,26,27,28,31,32,33,34,37,39,40,41,42,43,44,45,46 => 3
<5> 4,5,6,7,8,9,11,14,17,26,27,28,30,31,32,33,34,35,36,40,41,42,43,44,45,46 => 0,3
<5> 0,3,4,5,7,8,9,17,26,27,28,30,31,32,33,34,35,36,40,41,42,43,44,45,46,48 => 6
<5> 0,3,4,5,6,7,8,9,11,14,17,26,27,28,30,31,32,33,34,36,40,41,42,43,44,45,46 => 35
<5> 0,3,4,5,6,7,8,9,17,26,27,28,30,31,32,33,34,36,40,41,42,43,44,45,46,48 => 35
<5> 0,2,3,4,5,8,9,17,25,26,27,28,29,31,32,33,34,35,36,40,41,42,43,44,45,46 => 39
<5> 2,3,4,5,7,8,9,18,25,26,27,28,31,32,33,34,36,40,41,42,43,44,45,46 => 39
<5> 2,3,4,5,7,8,9,10,13,17,25,26,27,28,31,32,33,34,35,36,40,41,42,43,44,45,46,48 => 6
<5> 0,5,7,8,9,11,14,17,26,27,28,29,31,32,33,34,36,39,40,41,42,43,44,45,46,48 => 35
<5> 0,5,7,8,9,17,26,27,28,29,31,32,33,34,35,36,39,40,41,42,43,44,45,46,48 => 11,14
<5> 0,5,8,9,10,13,25,26,27,28,29,30,31,32,33,34,36,39,40,41,42,43,44,45,46,48 => 16
<5> 5,7,8,9,19,25,26,27,28,29,31,32,33,34,36,39,40,41,42,43,44,45,46 => 6
<5> 3,4,5,6,7,8,9,11,14,18,26,27,28,29,31,32,33,34,36,39,40,41,42,43,44,45,46 => 0,35
<5> 0,3,4,5,6,7,8,9,11,14,18,26,27,28,31,32,33,34,35,36,39,40,41,42,43,44,45,46 => 29
<5> 2,3,4,5,8,9,11,14,17,25,26,27,28,31,32,33,34,35,36,39,40,41,42,43,44,45,46 => 48
<5> 2,3,4,5,8,9,17,25,26,27,28,30,31,32,33,34,35,36,39,40,41,42,43,44,45,46 => 29
<5> 1,2,3,4,5,7,8,9,11,14,16,25,26,27,28,31,32,33,34,35,36,39,40,41,42,43,44,45,46 => 29
<5> 1,2,3,4,5,7,8,9,11,14,25,26,27,28,29,31,32,33,34,35,36,39,40,41,42,43,44,45,46 => 16
<5> 3,4,5,7,8,9,17,25,26,27,28,29,31,32,33,34,36,39,40,41,42,43,44,45,46,48 => 2
<5> 2,3,4,5,6,7,8,9,11,14,17,25,26,27,28,31,32,33,34,36,39,40,41,42,43,44,45,46,48 => 0
<5> 2,3,4,5,6,7,8,9,11,14,16,25,26,27,28,30,31,32,33,34,36,39,40,41,42,43,44,45,46,48 => 0
