<2> 38 => 0,3,4,5,9,25,26,27,28,31,32,33,34,40,41,42
<2> 22 => 4,5,9,25,26,27,28,31,32,33,34,40,41,42
<2> 12 => 2,3,4,5,9,15,26,27,28,31,32,33,34,35,40,41,42,47
<2> 15 => 2,3,4,5,9,12,26,27,28,31,32,33,34,35,40,41,42,47
<2> 0,7,8,9,10,13,21,28,29,30,31,32,33,34,36,39,40,41,42,43,44,45,46,47 => 35
<2> 5,9,21,28,29,32,33,34,36,39,40,41,42,43,44,45,46,47 => 4,31
<2> 4,5,9,21,28,32,33,34,36,39,40,41,42,43,44,45,46 => 29,31,47
<2> 0,5,8,9,19,28,30,32,33,34,35,36,39,40,41,42,43,44,45,46 => 10,13,29,47
<2> 1,9,21,27,28,32,33,34,36,39,40,41,42,43,44,45,46 => 8,25,26,29,47
<2> 9,21,27,28,32,33,34,36,39,40,41,42,43,44,45,46,48 => 0,5,8,10,13,25,26
<2> 0,9,10,13,21,27,28,29,30,31,32,33,34,36,39,40,41,42,43,44,45,46,47 => 35
<2> 8,9,21,25,26,27,28,29,32,33,34,36,39,40,41,42,43,44,45,46,47 => 1
<2> 0,8,9,10,13,21,25,26,27,28,32,33,34,36,39,40,41,42,43,44,45,46 => 5,48
<2> 8,9,19,26,27,28,31,32,33,34,35,39,40,41,42,43,44,45,46,47 => 1
<2> 1,7,8,9,10,13,19,25,26,27,28,31,32,33,34,37,39,40,41,42,43,44,45,46 => 48
<2> 8,9,21,25,26,27,28,31,32,33,34,36,39,40,41,42,43,44,45,46 => 5
<2> 1,8,9,10,13,19,25,26,27,28,31,32,33,34,35,36,39,40,41,42,43,44,45,46 => 30
<2> 5,8,9,19,27,28,31,32,33,34,35,39,40,41,42,43,44,45,46,47 => 7
<2> 5,7,8,9,19,27,28,30,31,32,33,34,35,36,39,40,41,42,43,44,45,46 => 10,13
<2> 0,3,4,5,7,8,9,10,13,26,27,28,31,32,33,34,35,37,40,41,42,43,44,45,46,47 => 6
<2> 4,5,7,8,9,18,25,26,27,28,31,32,33,34,37,40,41,42,43,44,45,46,47 => 2,3,6
<2> 2,3,4,5,7,8,9,18,25,26,27,28,31,32,33,34,37,40,41,42,43,44,45,46 => 6,47
<2> 2,3,4,5,7,8,9,18,25,26,27,28,31,32,33,34,40,41,42,43,44,45,46,48 => 36,39
<2> 4,5,6,7,8,9,10,13,16,25,26,27,28,30,31,32,33,34,37,40,41,42,43,44,45,46 => 0
<2> 0,4,5,6,7,8,9,10,13,25,26,27,28,30,31,32,33,34,37,40,41,42,43,44,45,46 => 16
<2> 3,4,5,6,7,8,9,10,13,25,26,27,28,30,31,32,33,34,37,40,41,42,43,44,45,46 => 2,39
<2> 1,5,8,9,19,26,27,28,31,32,33,34,39,40,41,42,43,44,45,46,47 => 6,7
<2> 5,7,8,9,19,26,27,28,31,32,33,34,39,40,41,42,43,44,45,46,47 => 1,6
<2> 1,5,6,7,8,9,19,26,27,28,31,32,33,34,37,39,40,41,42,43,44,45,46 => 35
<2> 4,5,8,9,20,25,26,27,28,30,31,32,33,34,39,40,41,42,43,44,45,46 => 1,2,3,36
<2> 4,5,8,9,20,25,26,27,28,31,32,33,34,35,39,40,41,42,43,44,45,46,47 => 2,3
<2> 3,4,5,8,9,20,25,26,27,28,31,32,33,34,39,40,41,42,43,44,45,46,47 => 2,35
<2> 4,5,6,7,8,9,20,25,26,27,28,31,32,33,34,39,40,41,42,43,44,45,46,47 => 10,13
<2> 1,2,3,4,5,7,8,9,18,25,26,27,28,31,32,33,34,39,40,41,42,43,44,45,46 => 6
<2> 2,3,4,5,7,8,9,18,25,26,27,28,30,31,32,33,34,39,40,41,42,43,44,45,46 => 10,13
<2> 0,3,4,5,7,8,9,11,14,16,25,26,27,28,29,31,32,33,34,37,39,40,41,42,43,44,45,46 => 2,47
<2> 4,5,6,7,8,9,10,13,25,26,27,28,30,31,32,33,34,37,39,40,41,42,43,44,45,46 => 2,3
<2> 1,3,4,5,7,8,9,10,13,18,25,26,27,28,29,31,32,33,34,39,40,41,42,43,44,45,46,47 => 30
<2> 3,4,5,6,7,8,9,10,13,18,25,26,27,28,31,32,33,34,37,39,40,41,42,43,44,45,46 => 29
<2> 1,2,3,4,5,6,7,8,9,10,13,16,25,26,27,28,31,32,33,34,37,39,40,41,42,43,44,45,46 => 48
<2> 1,3,4,5,6,7,8,9,10,13,25,26,27,28,31,32,33,34,37,39,40,41,42,43,44,45,46,47 => 29
<2> 0,2,3,4,5,7,8,9,17,25,26,27,28,30,31,32,33,34,35,36,40,41,42,43,44,45,46 => 6,48
<2> 5,7,8,9,10,13,17,26,27,28,29,31,32,33,34,35,36,39,40,41,42,43,44,45,46,48 => 1
<2> 5,6,7,8,9,19,25,26,27,28,29,30,31,32,33,34,36,39,40,41,42,43,44,45,46 => 1
<2> 1,4,5,8,9,20,25,26,27,28,31,32,33,34,36,39,40,41,42,43,44,45,46,47 => 29
<2> 3,4,5,8,9,11,14,23,25,26,27,28,31,32,33,34,36,39,40,41,42,43,44,45,46 => 2,6,7,48
<2> 1,3,4,5,8,9,23,25,26,27,28,31,32,33,34,36,39,40,41,42,43,44,45,46 => 6,7
<2> 3,4,5,8,9,23,25,26,27,28,30,31,32,33,34,36,39,40,41,42,43,44,45,46 => 6,7,10,13
<2> 2,3,4,5,8,9,11,14,17,25,26,27,28,30,31,32,33,34,36,39,40,41,42,43,44,45,46 => 29
<2> 3,4,5,8,9,23,25,26,27,28,31,32,33,34,36,39,40,41,42,43,44,45,46,47 => 7,10,13,29
<2> 3,4,5,8,9,23,25,26,27,28,31,32,33,34,35,36,39,40,41,42,43,44,45,46 => 10,13
<2> 1,2,3,4,5,8,9,11,14,25,26,27,28,30,31,32,33,34,36,39,40,41,42,43,44,45,46,48 => 19
<2> 3,4,5,8,9,23,25,26,27,28,29,31,32,33,34,36,39,40,41,42,43,44,45,46 => 7,10,13,47
<2> 0,3,4,5,8,9,24,25,26,27,28,30,31,32,33,34,36,39,40,41,42,43,44,45,46 => 10,13,35
<2> 0,3,4,5,8,9,24,25,26,27,28,31,32,33,34,36,39,40,41,42,43,44,45,46,47 => 10,13
<2> 0,3,4,5,8,9,24,25,26,27,28,31,32,33,34,36,39,40,41,42,43,44,45,46,48 => 2,6,7,35
<2> 0,3,4,5,8,9,10,13,24,25,26,27,28,31,32,33,34,35,36,39,40,41,42,43,44,45,46 => 30
<2> 1,4,5,6,7,8,9,20,25,26,27,28,29,31,32,33,34,36,39,40,41,42,43,44,45,46 => 10,13
<2> 1,2,3,4,5,7,8,9,11,14,16,25,26,27,28,29,30,31,32,33,34,36,39,40,41,42,43,44,45,46 => 35,47
<2> 2,3,4,5,7,8,9,11,14,17,25,26,27,28,29,31,32,33,34,36,39,40,41,42,43,44,45,46,47 => 6
<2> 3,4,5,6,7,8,9,11,14,19,25,26,27,28,30,31,32,33,34,36,39,40,41,42,43,44,45,46,48 => 2
<2> 2,3,4,5,6,7,8,9,19,25,26,27,28,31,32,33,34,35,36,39,40,41,42,43,44,45,46,48 => 0
<2> 1,2,3,4,5,6,7,8,9,16,25,26,27,28,29,31,32,33,34,35,36,39,40,41,42,43,44,45,46,47 => 11,14
<2> 0,2,3,4,5,7,8,9,11,14,17,25,26,27,28,31,32,33,34,35,36,39,40,41,42,43,44,45,46,48 => 29
<2> 0,2,3,4,5,6,7,8,9,24,25,26,27,28,31,32,33,34,35,36,39,40,41,42,43,44,45,46 => 48
<2> 0,3,4,5,6,7,8,9,19,25,26,27,28,31,32,33,34,35,36,39,40,41,42,43,44,45,46,48 => 2
<2> 1,4,5,6,7,8,9,10,13,20,25,26,27,28,31,32,33,34,35,36,39,40,41,42,43,44,45,46 => 48
<2> 2,3,4,5,7,8,9,10,13,17,25,26,27,28,29,30,31,32,33,34,35,36,39,40,41,42,43,44,45,46,47 => 1
<2> 3,4,5,6,7,8,9,10,13,23,25,26,27,28,31,32,33,34,36,39,40,41,42,43,44,45,46 => 30
<2> 2,3,4,5,6,7,8,9,10,13,25,26,27,28,29,31,32,33,34,35,36,39,40,41,42,43,44,45,46,48 => 1
<2> 0,3,4,5,6,7,8,9,10,13,18,25,26,27,28,29,31,32,33,34,35,36,39,40,41,42,43,44,45,46,47 => 2
