<3> 1,3,4,5,8,9,11,14,25,26,27,28,30,31,32,33,34,36,43,44,45,46,48 => 2
<3> 1,3,4,5,7,8,9,11,14,16,25,26,27,28,30,31,32,33,34,36,43,44,45,46 => 2
<3> 5,19,28,29,32,33,34,35,36,39,40,41,42,43,44,45,46 => 0
<3> 0,5,19,25,26,27,28,31,32,33,34,35,36,39,40,41,42,43,44,45,46,48 => 4
<3> 9,21,28,32,33,34,35,36,39,40,41,42,43,44,45,46 => 0,10,13,29,30,31,47
<3> 7,8,9,21,28,32,33,34,36,39,40,41,42,43,44,45,46 => 0,10,13,31
<3> 0,8,9,10,13,21,28,31,32,33,34,36,39,40,41,42,43,44,45,46 => 7
<3> 5,9,10,13,21,28,32,33,34,36,39,40,41,42,43,44,45,46 => 0
<3> 5,8,9,21,28,32,33,34,36,39,40,41,42,43,44,45,46 => 25,26,27
<3> 8,9,27,28,30,31,32,33,34,37,40,41,42,43,44,45,46 => 4,5,6,7,10,13,25,26
<3> 8,9,19,27,28,31,32,33,34,37,39,40,41,42,43,44,45,46 => 1,7,26
<3> 7,8,9,19,27,28,31,32,33,34,39,40,41,42,43,44,45,46,47 => 5
<3> 8,9,19,25,26,27,28,30,31,32,33,34,35,36,39,40,41,42,43,44,45,46 => 1
<3> 5,9,21,27,28,32,33,34,36,39,40,41,42,43,44,45,46 => 8,25,26
<3> 0,5,8,9,19,27,28,31,32,33,34,35,36,39,40,41,42,43,44,45,46 => 7
<3> 1,4,5,7,8,9,11,14,17,25,26,27,28,29,32,33,34,36,40,41,42,43,44,45,46,47 => 6
<3> 3,4,5,8,9,10,13,26,27,28,31,32,33,34,35,37,40,41,42,43,44,45,46,47 => 0
<3> 0,4,5,7,8,9,11,14,26,27,28,31,32,33,34,37,40,41,42,43,44,45,46,47 => 2,3,25
<3> 0,4,5,7,8,9,11,14,26,27,28,29,31,32,33,34,37,40,41,42,43,44,45,46 => 16,25,39
<3> 4,5,8,9,18,25,26,27,28,30,31,32,33,34,40,41,42,43,44,45,46,48 => 3,7,35,36,39
<3> 4,5,7,8,9,18,25,26,27,28,29,31,32,33,34,37,40,41,42,43,44,45,46 => 3,10,13
<3> 0,3,4,5,7,8,9,10,13,25,26,27,28,29,31,32,33,34,35,37,40,41,42,43,44,45,46 => 48
<3> 1,4,5,6,7,8,9,26,27,28,31,32,33,34,37,39,40,41,42,43,44,45,46,47 => 3
<3> 4,5,8,9,11,14,20,25,26,27,28,31,32,33,34,39,40,41,42,43,44,45,46 => 1,3,36
<3> 4,5,8,9,20,25,26,27,28,29,31,32,33,34,39,40,41,42,43,44,45,46 => 1,36
<3> 3,4,5,8,9,20,25,26,27,28,31,32,33,34,35,39,40,41,42,43,44,45,46 => 2
<3> 0,3,4,5,8,9,16,25,26,27,28,29,31,32,33,34,35,37,39,40,41,42,43,44,45,46 => 2
<3> 4,5,7,8,9,18,25,26,27,28,31,32,33,34,37,39,40,41,42,43,44,45,46 => 6,10,13
<3> 4,5,6,7,8,9,20,25,26,27,28,31,32,33,34,35,39,40,41,42,43,44,45,46 => 10,13
<3> 1,4,5,7,8,9,10,13,18,25,26,27,28,29,30,31,32,33,34,39,40,41,42,43,44,45,46 => 3
<3> 1,4,5,6,7,8,9,10,13,25,26,27,28,29,31,32,33,34,37,39,40,41,42,43,44,45,46 => 3
<3> 3,4,5,6,7,8,9,10,13,20,25,26,27,28,31,32,33,34,39,40,41,42,43,44,45,46 => 2
<3> 2,3,4,5,7,8,9,17,25,26,27,28,30,31,32,33,34,36,40,41,42,43,44,45,46,48 => 0
<3> 1,2,3,4,5,6,7,8,9,10,13,25,26,27,28,29,31,32,33,34,35,36,40,41,42,43,44,45,46,47 => 17
<3> 1,5,7,8,9,17,26,27,28,29,31,32,33,34,36,39,40,41,42,43,44,45,46,48 => 10,13
<3> 3,4,5,6,7,8,9,11,14,17,26,27,28,30,31,32,33,34,36,39,40,41,42,43,44,45,46,48 => 0,35
<3> 0,3,4,5,6,7,8,9,11,14,17,26,27,28,31,32,33,34,35,36,39,40,41,42,43,44,45,46,48 => 30
<3> 0,3,4,5,6,7,8,9,11,14,18,26,27,28,29,31,32,33,34,35,36,39,40,41,42,43,44,45,46,47 => 30
<3> 1,3,4,5,8,9,11,14,17,25,26,27,28,31,32,33,34,35,36,39,40,41,42,43,44,45,46 => 48
<3> 0,2,3,4,5,8,9,24,25,26,27,28,31,32,33,34,36,39,40,41,42,43,44,45,46 => 6,7
<3> 4,5,8,9,10,13,18,25,26,27,28,29,30,31,32,33,34,35,36,39,40,41,42,43,44,45,46 => 1
<3> 2,3,4,5,8,9,10,13,23,25,26,27,28,31,32,33,34,36,39,40,41,42,43,44,45,46 => 0
<3> 1,4,5,7,8,9,18,25,26,27,28,31,32,33,34,36,39,40,41,42,43,44,45,46,48 => 3,6
<3> 2,3,4,5,7,8,9,23,25,26,27,28,31,32,33,34,36,39,40,41,42,43,44,45,46,48 => 6
<3> 1,2,3,4,5,7,8,9,11,14,16,25,26,27,28,29,31,32,33,34,36,39,40,41,42,43,44,45,46,47 => 35
<3> 1,3,4,5,6,7,8,9,18,25,26,27,28,31,32,33,34,36,39,40,41,42,43,44,45,46 => 48
<3> 2,3,4,5,6,7,8,9,23,25,26,27,28,31,32,33,34,36,39,40,41,42,43,44,45,46 => 48
<3> 1,2,3,4,5,6,7,8,9,11,14,25,26,27,28,31,32,33,34,35,36,39,40,41,42,43,44,45,46 => 16,29
<3> 1,2,3,4,5,6,7,8,9,17,25,26,27,28,31,32,33,34,36,39,40,41,42,43,44,45,46,48 => 10,13
<3> 1,2,3,4,5,6,7,8,9,11,14,16,25,26,27,28,29,31,32,33,34,36,39,40,41,42,43,44,45,46 => 35
<3> 3,4,5,6,7,8,9,19,25,26,27,28,29,31,32,33,34,36,39,40,41,42,43,44,45,46,48 => 1
<3> 0,3,4,5,7,8,9,24,25,26,27,28,31,32,33,34,36,39,40,41,42,43,44,45,46 => 2,6
<3> 1,2,3,4,5,7,8,9,10,13,17,25,26,27,28,31,32,33,34,36,39,40,41,42,43,44,45,46,48 => 6
